5 0 7 8 9 14
3 1 2 15
4 2 8 9 14
4 3 4 6 13
11 3 4 6 11 12 13 14 15 16 17 18
8 0 5 7 10 11 12 18 19
8 0 2 4 6 8 9 10 11
4 7 13 16 19
5 1 2 8 9 10
5 3 9 13 14 18
5 3 6 9 10 14
4 2 11 15 16
8 0 5 9 10 11 12 15 19
5 1 4 9 13 15
6 0 4 9 10 14 18
7 3 7 11 14 15 17 18
10 1 3 4 5 6 7 11 16 17 19
9 0 1 2 5 8 10 12 17 19
9 1 2 5 7 9 11 14 16 18
4 5 8 11 19
1 0
1 1
1 2
2 3 4
1 4
2 5 11
1 6
1 7
1 8
1 9
1 10
1 11
1 12
2 13 18
1 14
1 15
1 16
1 17
1 18
2 10 19
4 0 2 10 17
2 1 5
3 2 7 13
2 3 5
2 4 7
2 5 9
4 5 6 7 13
4 7 9 10 13
5 2 3 7 8 18
2 9 17
3 3 10 11
3 3 6 11
2 4 12
1 13
2 5 14
2 6 15
4 0 9 11 16
4 7 14 16 17
3 3 5 18
1 19
2 0 12
1 1
2 2 19
2 3 19
1 4
1 5
3 5 6 8
1 7
2 8 15
3 4 9 12
1 10
1 11
2 5 12
1 13
1 14
2 11 15
2 15 16
2 5 17
2 4 18
1 19
1 0
1 1
2 2 14
1 3
1 4
2 5 9
1 6
1 7
1 8
1 9
1 10
1 11
1 12
1 13
1 14
1 15
2 2 16
1 17
1 18
1 19
1 0
1 1
1 2
1 3
1 4
1 5
1 6
2 7 11
2 2 8
2 7 9
1 10
1 11
1 12
1 13
2 4 14
1 15
1 16
1 17
1 18
1 19
1 0
3 1 5 17
2 1 2
1 3
2 4 16
2 5 9
2 6 16
2 2 7
3 8 15 19
1 9
2 10 13
3 11 12 16
2 10 12
1 13
1 14
3 2 9 15
4 3 5 7 16
2 1 17
2 12 18
2 8 19
1 0
1 1
1 2
1 3
1 4
1 5
2 6 7
1 7
1 8
1 9
1 10
1 11
2 1 12
1 13
1 14
1 15
1 16
1 17
1 18
1 19
1 0
2 1 16
2 2 18
1 3
2 4 13
4 4 5 9 13
2 4 6
3 4 7 10
1 8
1 9
2 6 10
3 11 15 18
1 12
3 3 5 13
2 5 14
1 15
3 12 16 18
2 5 17
4 7 10 18 19
2 1 19
2 0 17
2 1 13
3 2 3 8
1 3
1 4
2 5 15
2 6 15
2 3 7
1 8
1 9
2 10 19
1 11
2 1 12
2 9 13
2 8 14
3 0 15 19
1 16
1 17
1 18
1 19
2 0 17
3 1 5 9
2 2 8
4 0 1 3 12
3 2 4 12
2 5 19
2 6 13
3 7 11 14
3 2 7 8
3 9 12 14
4 6 10 13 18
2 7 11
4 8 11 12 18
3 0 13 16
1 14
5 3 4 7 15 18
1 16
5 4 9 13 16 17
1 18
7 3 6 7 8 12 14 19
