4 0 9 14 17
3 1 12 15
3 2 8 10
1 3
2 4 13
5 5 8 9 12 19
4 1 6 11 17
2 0 7
2 2 8
2 9 11
2 10 13
6 6 9 11 14 18 19
4 5 8 12 19
1 13
3 1 4 14
3 4 7 15
1 16
3 14 15 17
2 3 18
3 5 17 19
1 0
1 1
1 2
1 3
1 4
1 5
1 6
1 7
1 8
1 9
1 10
1 11
2 11 12
1 13
1 14
1 15
4 5 7 9 16
1 17
1 18
1 19
4 0 5 6 16
1 1
2 2 10
2 3 19
1 4
1 5
1 6
2 0 7
1 8
1 9
1 10
1 11
3 12 13 19
1 13
2 9 14
2 5 15
3 2 13 16
1 17
2 16 18
4 3 6 7 19
1 0
1 1
1 2
1 3
1 4
1 5
2 5 6
1 7
1 8
1 9
1 10
1 11
1 12
1 13
1 14
1 15
1 16
1 17
1 18
1 19
1 0
2 1 18
1 2
1 3
1 4
2 5 6
1 6
1 7
2 8 9
2 0 9
1 10
1 11
2 5 12
3 5 13 14
2 14 19
3 14 15 18
1 16
3 7 14 17
1 18
1 19
1 0
1 1
1 2
1 3
1 4
1 5
1 6
1 7
1 8
1 9
1 10
1 11
1 12
1 13
1 14
1 15
1 16
1 17
1 18
1 19
3 0 1 4
4 1 3 7 16
1 2
2 3 12
4 3 4 16 17
4 2 5 8 18
4 4 6 8 14
1 7
1 8
3 7 9 15
4 0 2 10 14
1 11
2 3 12
2 13 17
3 5 14 15
2 15 18
4 1 2 4 16
3 3 5 17
2 18 19
2 1 19
2 0 3
1 1
2 2 8
2 3 9
1 4
1 5
2 6 18
3 4 7 17
1 8
2 3 9
5 8 10 14 16 18
2 4 11
2 4 12
1 13
1 14
2 6 15
1 16
1 17
1 18
1 19
2 0 14
3 1 9 16
1 2
1 3
1 4
2 1 5
1 6
1 7
1 8
1 9
1 10
2 2 11
2 12 18
1 13
2 14 16
1 15
1 16
2 9 17
1 18
1 19
2 0 14
1 1
1 2
2 3 7
2 4 10
3 3 5 6
3 6 8 18
2 7 11
1 8
1 9
1 10
2 10 11
1 12
2 7 13
1 14
1 15
3 4 9 16
3 2 17 18
2 12 18
6 1 2 6 11 18 19
6 0 5 6 9 14 17
8 1 3 4 5 6 15 17 18
5 2 3 9 12 15
7 0 3 4 6 7 14 19
5 4 7 9 14 19
5 0 5 8 16 18
7 2 6 11 15 16 17 18
6 0 3 4 7 11 18
5 2 7 8 9 13
5 2 9 13 17 18
3 0 10 14
8 6 8 9 11 12 13 15 18
5 1 5 11 12 18
7 8 9 11 13 14 16 18
4 5 6 8 14
6 9 13 14 15 16 17
8 1 2 3 8 9 11 15 16
5 4 6 13 14 17
3 8 9 18
9 0 1 6 7 10 14 15 17 19
